Steps    Q        Rg       Backbone Rama     Contact  Fragment Membrane ER       TBM_Q    Beta     Pap      Helical  Total   
0        0.01     58.09    119.56   -133.59  -34.38   -7.89    0.00     0.00     0.00     0.00     0.00     0.00     -56.30  
1        0.01     57.67    2.39     -143.45  -52.49   -9.32    0.00     0.00     0.00     -0.00    0.00     0.00     -202.86 
2        0.02     51.26    375.26   -108.48  -49.08   -27.42   0.00     0.00     0.00     -0.00    0.00     0.00     190.27  
3        0.04     47.12    359.36   -146.79  -48.85   -45.23   0.00     0.00     0.00     -1.60    0.00     0.00     116.90  
4        0.05     42.89    399.93   -210.78  -52.33   -60.90   0.00     0.00     0.00     -3.36    0.00     0.00     72.56   
5        0.08     39.58    369.86   -216.98  -51.63   -89.54   0.00     0.00     0.00     -3.19    0.00     0.00     8.52    
6        0.12     35.04    330.45   -269.76  -53.64   -127.05  0.00     0.00     0.00     -5.34    0.00     0.00     -125.34 
7        0.12     31.91    356.05   -311.30  -54.61   -128.54  0.00     0.00     0.00     -5.71    0.00     0.00     -144.11 
8        0.15     29.54    389.63   -329.88  -54.06   -150.26  0.00     0.00     0.00     -10.99   0.00     0.00     -155.56 
9        0.19     25.22    379.51   -346.62  -54.57   -158.09  0.00     0.00     0.00     -10.34   0.00     0.00     -190.11 
10       0.17     23.75    302.85   -350.61  -54.10   -155.82  0.00     0.00     0.00     -11.58   0.00     0.00     -269.26 
11       0.22     21.07    345.37   -348.12  -55.97   -171.66  0.00     0.00     0.00     -11.99   0.00     0.00     -242.38 
12       0.22     21.09    353.09   -364.02  -55.29   -179.25  0.00     0.00     0.00     -15.67   0.00     0.00     -261.14 
13       0.22     21.12    319.44   -354.11  -56.19   -194.05  0.00     0.00     0.00     -14.34   0.00     0.00     -299.24 
14       0.20     22.16    333.00   -320.15  -54.28   -182.61  0.00     0.00     0.00     -13.91   0.00     0.00     -237.95 
15       0.23     20.23    300.39   -360.68  -56.91   -180.69  0.00     0.00     0.00     -10.98   0.00     0.00     -308.88 
16       0.24     20.20    290.20   -361.11  -57.56   -188.83  0.00     0.00     0.00     -14.87   0.00     0.00     -332.17 
17       0.26     19.34    310.38   -383.64  -55.86   -201.33  0.00     0.00     0.00     -16.28   0.00     0.00     -346.73 
18       0.24     19.21    302.94   -391.42  -55.76   -204.49  0.00     0.00     0.00     -14.92   0.00     0.00     -363.65 
19       0.32     17.99    314.42   -380.52  -65.17   -209.90  0.00     0.00     0.00     -14.40   0.00     0.00     -355.58 
20       0.35     15.90    319.94   -388.61  -63.79   -220.80  0.00     0.00     0.00     -16.02   0.00     0.00     -369.28 
21       0.43     14.03    303.89   -366.20  -67.66   -236.79  0.00     0.00     0.00     -14.46   -0.00    0.00     -381.21 
22       0.48     13.54    312.94   -400.30  -68.17   -235.25  0.00     0.00     0.00     -16.42   -0.00    0.00     -407.21 
23       0.38     14.35    317.04   -373.50  -65.12   -232.35  0.00     0.00     0.00     -15.87   0.00     0.00     -369.80 
24       0.43     13.41    353.74   -396.25  -65.80   -227.29  0.00     0.00     0.00     -15.93   0.00     0.00     -351.54 
25       0.44     12.66    313.76   -383.40  -71.68   -234.88  0.00     0.00     0.00     -15.00   0.00     0.00     -391.21 
26       0.46     11.04    313.70   -381.42  -80.14   -232.04  0.00     0.00     0.00     -17.54   -0.00    0.00     -397.45 
27       0.48     11.49    341.12   -389.17  -73.10   -231.71  0.00     0.00     0.00     -12.72   -0.00    0.00     -365.57 
28       0.45     10.96    311.57   -391.41  -81.37   -225.65  0.00     0.00     0.00     -14.74   0.00     0.00     -401.60 
29       0.55     10.66    301.52   -358.40  -82.33   -242.05  0.00     0.00     0.00     -15.41   -0.00    0.00     -396.67 
30       0.55     11.49    352.67   -392.02  -71.53   -246.27  0.00     0.00     0.00     -20.75   0.00     0.00     -377.90 
31       0.43     11.98    288.44   -385.41  -71.43   -231.54  0.00     0.00     0.00     -13.38   -0.00    0.00     -413.30 
32       0.51     11.91    335.18   -362.17  -82.19   -223.57  0.00     0.00     0.00     -11.70   -0.00    0.00     -344.45 
33       0.45     11.29    284.76   -398.38  -77.62   -219.79  0.00     0.00     0.00     -17.00   -0.10    0.00     -428.13 
34       0.49     11.35    333.91   -385.40  -73.90   -224.57  0.00     0.00     0.00     -15.19   0.00     0.00     -365.14 
35       0.59     11.39    365.81   -403.91  -71.69   -244.04  0.00     0.00     0.00     -16.28   -0.00    0.00     -370.11 
36       0.47     11.45    341.97   -370.59  -77.78   -234.88  0.00     0.00     0.00     -16.03   -0.00    0.00     -357.30 
37       0.46     11.92    335.39   -402.02  -81.55   -223.47  0.00     0.00     0.00     -15.19   -0.00    0.00     -386.85 
38       0.41     12.43    353.03   -396.88  -79.12   -215.31  0.00     0.00     0.00     -16.84   -0.00    0.00     -355.13 
39       0.45     12.13    287.94   -373.99  -76.46   -217.12  0.00     0.00     0.00     -15.65   -0.00    0.00     -395.27 
40       0.49     12.19    312.98   -360.79  -75.00   -235.81  0.00     0.00     0.00     -15.58   0.00     0.00     -374.20 
41       0.53     11.16    317.16   -370.43  -81.56   -226.85  0.00     0.00     0.00     -12.85   -0.00    0.00     -374.52 
42       0.48     10.83    269.53   -403.56  -76.80   -238.33  0.00     0.00     0.00     -17.33   -0.00    0.00     -466.49 
43       0.49     11.47    300.72   -396.88  -72.30   -242.52  0.00     0.00     0.00     -16.19   -0.00    0.00     -427.17 
44       0.58     11.02    319.68   -391.38  -73.27   -251.06  0.00     0.00     0.00     -17.25   -0.00    0.00     -413.29 
45       0.56     10.65    332.73   -400.89  -81.81   -231.34  0.00     0.00     0.00     -15.79   -0.00    0.00     -397.10 
46       0.53     10.40    297.91   -393.50  -86.80   -236.31  0.00     0.00     0.00     -16.06   -0.00    0.00     -434.76 
47       0.45     10.69    309.59   -404.02  -87.13   -234.94  0.00     0.00     0.00     -17.67   -0.00    0.00     -434.17 
48       0.47     11.52    285.11   -389.75  -72.41   -237.23  0.00     0.00     0.00     -18.92   -0.00    0.00     -433.20 
49       0.45     10.88    306.61   -404.19  -87.23   -224.98  0.00     0.00     0.00     -16.42   -0.00    0.00     -426.20 
50       0.41     10.86    295.96   -399.15  -74.60   -221.55  0.00     0.00     0.00     -17.09   -0.00    0.00     -416.44 
51       0.53     11.05    271.09   -415.02  -76.24   -252.03  0.00     0.00     0.00     -17.79   -0.00    0.00     -490.00 
52       0.50     10.65    298.31   -414.81  -73.64   -246.69  0.00     0.00     0.00     -16.92   0.00     0.00     -453.75 
53       0.52     10.58    338.99   -390.73  -80.34   -242.12  0.00     0.00     0.00     -16.22   -0.00    0.00     -390.42 
54       0.51     10.57    314.90   -412.40  -78.75   -230.63  0.00     0.00     0.00     -18.85   -0.00    0.00     -425.72 
55       0.57     10.26    335.24   -428.97  -85.29   -225.83  0.00     0.00     0.00     -16.57   0.00     0.00     -421.41 
56       0.50     11.11    310.31   -417.46  -72.16   -229.47  0.00     0.00     0.00     -16.35   0.00     0.00     -425.13 
57       0.76     9.97     300.24   -397.22  -82.57   -232.28  0.00     0.00     0.00     -18.11   0.00     0.00     -429.93 
58       0.57     11.00    305.41   -400.72  -75.18   -233.74  0.00     0.00     0.00     -13.45   0.00     0.00     -417.67 
59       0.59     10.83    297.95   -403.70  -76.59   -241.34  0.00     0.00     0.00     -16.21   -0.00    0.00     -439.89 
60       0.52     11.13    320.23   -407.27  -73.63   -236.05  0.00     0.00     0.00     -17.52   -0.00    0.00     -414.24 
61       0.60     10.47    299.70   -395.71  -76.27   -240.77  0.00     0.00     0.00     -16.17   -0.00    0.00     -429.21 
62       0.49     11.23    281.55   -411.56  -71.43   -242.90  0.00     0.00     0.00     -17.75   0.00     0.00     -462.09 
63       0.45     11.52    327.97   -419.94  -73.45   -235.63  0.00     0.00     0.00     -18.95   0.00     0.00     -420.01 
64       0.57     11.18    280.19   -410.39  -76.40   -250.43  0.00     0.00     0.00     -19.23   0.00     0.00     -476.26 
65       0.59     10.52    302.87   -411.15  -80.82   -225.30  0.00     0.00     0.00     -15.08   -0.00    0.00     -429.48 
66       0.70     10.39    281.16   -411.54  -80.73   -244.64  0.00     0.00     0.00     -18.85   -0.00    0.00     -474.60 
67       0.55     11.11    280.97   -403.01  -85.95   -230.94  0.00     0.00     0.00     -15.27   -0.00    0.00     -454.20 
68       0.50     11.05    300.58   -409.15  -81.02   -230.95  0.00     0.00     0.00     -15.67   -0.00    0.00     -436.20 
69       0.42     11.76    311.40   -384.35  -76.77   -220.21  0.00     0.00     0.00     -13.45   0.00     0.00     -383.37 
70       0.50     10.95    315.24   -405.31  -79.09   -243.51  0.00     0.00     0.00     -16.97   0.00     0.00     -429.63 
71       0.46     10.94    336.14   -430.32  -82.87   -243.57  0.00     0.00     0.00     -16.69   0.00     0.00     -437.31 
72       0.63     10.83    300.09   -405.96  -74.67   -254.94  0.00     0.00     0.00     -17.88   0.00     0.00     -453.37 
73       0.65     10.66    298.52   -409.33  -80.53   -250.88  0.00     0.00     0.00     -17.72   -0.00    0.00     -459.93 
74       0.66     10.84    289.07   -391.28  -82.03   -241.07  0.00     0.00     0.00     -15.21   0.00     0.00     -440.52 
75       0.50     11.21    297.71   -404.28  -77.37   -226.70  0.00     0.00     0.00     -16.95   -0.00    0.00     -427.59 
76       0.61     10.84    292.26   -407.71  -75.84   -233.56  0.00     0.00     0.00     -19.82   -0.00    0.00     -444.66 
77       0.57     11.26    321.22   -398.86  -71.00   -240.16  0.00     0.00     0.00     -17.80   0.00     0.00     -406.60 
78       0.49     10.94    293.96   -422.51  -75.27   -224.39  0.00     0.00     0.00     -17.61   0.00     0.00     -445.82 
79       0.57     10.63    307.62   -398.14  -77.62   -241.67  0.00     0.00     0.00     -16.55   0.00     0.00     -426.36 
80       0.58     10.67    302.87   -409.83  -77.93   -245.30  0.00     0.00     0.00     -18.97   -0.00    0.00     -449.15 
81       0.51     10.74    305.57   -414.84  -81.19   -239.49  0.00     0.00     0.00     -16.89   -0.00    0.00     -446.84 
82       0.55     10.74    296.72   -413.64  -74.06   -248.92  0.00     0.00     0.00     -17.04   0.00     0.00     -456.95 
83       0.53     10.23    298.68   -428.35  -81.70   -249.20  0.00     0.00     0.00     -19.03   -0.00    0.00     -479.60 
84       0.56     10.63    271.71   -429.72  -73.68   -253.64  0.00     0.00     0.00     -20.18   0.00     0.00     -505.52 
85       0.51     10.08    274.82   -400.33  -79.11   -250.07  0.00     0.00     0.00     -18.98   0.00     0.00     -473.68 
86       0.55     10.55    300.66   -425.72  -72.12   -235.29  0.00     0.00     0.00     -16.06   0.00     0.00     -448.52 
87       0.48     10.67    317.11   -426.39  -83.47   -237.08  0.00     0.00     0.00     -17.06   0.00     0.00     -446.90 
88       0.53     10.48    271.39   -417.70  -81.27   -241.86  0.00     0.00     0.00     -18.14   -0.00    0.00     -487.58 
89       0.47     11.22    271.91   -417.34  -70.63   -237.25  0.00     0.00     0.00     -18.08   0.00     0.00     -471.39 
90       0.50     10.68    275.94   -404.34  -75.58   -236.47  0.00     0.00     0.00     -20.09   0.00     0.00     -460.55 
91       0.44     10.95    288.46   -438.29  -76.93   -239.95  0.00     0.00     0.00     -20.90   0.00     0.00     -487.61 
92       0.48     11.10    278.40   -439.71  -74.94   -238.49  0.00     0.00     0.00     -17.78   0.00     0.00     -492.51 
93       0.45     10.94    286.92   -418.53  -76.14   -251.72  0.00     0.00     0.00     -17.55   0.00     0.00     -477.01 
94       0.43     11.59    248.76   -411.55  -69.64   -247.00  0.00     0.00     0.00     -17.54   0.00     0.00     -496.97 
95       0.53     11.05    303.99   -395.54  -67.08   -244.68  0.00     0.00     0.00     -18.67   0.00     0.00     -421.97 
96       0.52     10.20    269.14   -411.40  -81.02   -239.46  0.00     0.00     0.00     -17.91   0.00     0.00     -480.64 
97       0.57     10.33    252.77   -424.63  -83.82   -244.72  0.00     0.00     0.00     -19.90   0.00     0.00     -520.30 
98       0.49     10.70    274.31   -426.16  -78.13   -238.48  0.00     0.00     0.00     -16.48   0.00     0.00     -484.93 
99       0.48     10.72    252.44   -413.39  -78.73   -240.96  0.00     0.00     0.00     -16.07   0.00     0.00     -496.72 
100      0.42     12.00    249.26   -433.23  -72.15   -238.19  0.00     0.00     0.00     -18.79   0.00     0.00     -513.11 
101      0.45     10.85    273.69   -423.81  -75.03   -237.51  0.00     0.00     0.00     -20.98   -0.00    0.00     -483.65 
102      0.44     11.25    287.23   -429.37  -76.20   -231.99  0.00     0.00     0.00     -17.14   -0.00    0.00     -467.47 
103      0.47     11.05    280.59   -421.74  -70.68   -257.70  0.00     0.00     0.00     -20.59   0.00     0.00     -490.12 
104      0.48     10.82    285.13   -441.04  -76.77   -247.48  0.00     0.00     0.00     -19.40   -0.00    0.00     -499.57 
105      0.41     11.30    278.81   -427.97  -75.02   -236.10  0.00     0.00     0.00     -17.34   0.00     0.00     -477.62 
106      0.43     11.34    280.80   -424.01  -79.01   -237.56  0.00     0.00     0.00     -19.91   0.00     0.00     -479.68 
107      0.52     10.65    269.35   -420.62  -80.38   -245.34  0.00     0.00     0.00     -18.99   -0.00    0.00     -495.98 
108      0.50     11.53    299.36   -431.16  -68.34   -252.79  0.00     0.00     0.00     -19.45   0.00     0.00     -472.39 
109      0.40     12.29    295.51   -413.66  -63.45   -234.13  0.00     0.00     0.00     -17.69   0.00     0.00     -433.40 
110      0.56     10.74    260.91   -422.56  -79.05   -241.56  0.00     0.00     0.00     -18.52   0.00     0.00     -500.77 
111      0.60     10.73    239.92   -432.63  -78.52   -254.00  0.00     0.00     0.00     -17.11   0.00     0.00     -542.33 
112      0.44     11.53    260.07   -405.50  -75.38   -231.17  0.00     0.00     0.00     -16.64   0.00     0.00     -468.62 
113      0.52     10.92    260.91   -411.37  -79.46   -246.80  0.00     0.00     0.00     -19.57   0.00     0.00     -496.29 
114      0.60     10.33    287.43   -420.86  -79.46   -241.87  0.00     0.00     0.00     -18.27   0.00     0.00     -473.02 
115      0.65     10.91    263.05   -424.64  -76.89   -261.52  0.00     0.00     0.00     -19.44   0.00     0.00     -519.44 
116      0.69     10.15    287.26   -415.73  -92.39   -255.88  0.00     0.00     0.00     -20.14   -0.00    0.00     -496.88 
117      0.67     10.64    285.31   -404.54  -81.34   -247.40  0.00     0.00     0.00     -18.84   -0.00    0.00     -466.81 
118      0.56     10.41    249.53   -403.32  -86.07   -248.84  0.00     0.00     0.00     -17.36   -0.00    0.00     -506.07 
119      0.57     10.76    242.86   -422.97  -75.44   -241.56  0.00     0.00     0.00     -15.95   0.00     0.00     -513.06 
120      0.51     10.73    261.88   -417.51  -83.60   -260.43  0.00     0.00     0.00     -19.08   -0.00    0.00     -518.74 
121      0.54     11.16    250.96   -412.13  -78.24   -252.55  0.00     0.00     0.00     -17.76   -0.00    0.00     -509.72 
122      0.57     10.80    259.76   -414.24  -80.87   -253.25  0.00     0.00     0.00     -15.79   -0.00    0.00     -504.39 
123      0.60     10.49    283.46   -415.15  -81.29   -262.52  0.00     0.00     0.00     -17.99   -0.00    0.00     -493.49 
124      0.53     11.08    273.66   -418.59  -73.71   -244.31  0.00     0.00     0.00     -17.66   -0.00    0.00     -480.61 
125      0.49     10.93    283.66   -434.13  -72.79   -243.75  0.00     0.00     0.00     -17.58   -0.00    0.00     -484.59 
126      0.62     10.72    280.00   -417.50  -77.56   -252.75  0.00     0.00     0.00     -18.47   -0.00    0.00     -486.28 
127      0.58     10.81    275.93   -420.98  -79.17   -253.70  0.00     0.00     0.00     -18.86   -0.00    0.00     -496.77 
128      0.57     11.05    263.69   -435.10  -78.68   -250.42  0.00     0.00     0.00     -18.60   0.00     0.00     -519.11 
129      0.61     10.79    274.60   -415.38  -77.99   -253.20  0.00     0.00     0.00     -17.34   -0.00    0.00     -489.32 
130      0.70     10.39    256.59   -422.78  -76.45   -260.43  0.00     0.00     0.00     -21.98   0.00     0.00     -525.06 
131      0.53     11.06    246.18   -431.64  -76.14   -249.54  0.00     0.00     0.00     -17.02   0.00     0.00     -528.15 
132      0.62     10.47    268.15   -425.52  -80.69   -251.47  0.00     0.00     0.00     -19.48   -0.00    0.00     -509.01 
133      0.71     10.01    291.36   -430.40  -80.50   -255.74  0.00     0.00     0.00     -17.94   0.00     0.00     -493.22 
134      0.72     10.18    256.20   -417.21  -78.93   -257.80  0.00     0.00     0.00     -19.87   0.00     0.00     -517.61 
135      0.69     10.08    262.26   -421.77  -82.37   -255.31  0.00     0.00     0.00     -16.32   -0.00    0.00     -513.51 
136      0.65     10.33    266.02   -436.83  -86.02   -250.70  0.00     0.00     0.00     -20.34   -0.00    0.00     -527.88 
137      0.60     10.97    254.18   -441.58  -78.30   -252.89  0.00     0.00     0.00     -20.21   0.00     0.00     -538.80 
138      0.73     10.45    279.44   -424.44  -76.68   -258.84  0.00     0.00     0.00     -17.57   -0.00    0.00     -498.09 
139      0.75     10.28    266.44   -434.76  -82.22   -255.40  0.00     0.00     0.00     -20.67   -0.00    0.00     -526.61 
140      0.66     10.10    243.05   -411.52  -84.60   -260.56  0.00     0.00     0.00     -22.69   -0.00    0.00     -536.30 
141      0.58     10.42    263.00   -396.72  -86.69   -257.34  0.00     0.00     0.00     -16.27   -0.00    0.00     -494.02 
142      0.60     10.96    241.75   -409.90  -79.16   -252.40  0.00     0.00     0.00     -19.02   0.00     0.00     -518.73 
143      0.60     10.73    245.36   -427.45  -82.84   -260.56  0.00     0.00     0.00     -19.27   -0.00    0.00     -544.76 
144      0.65     9.88     249.51   -424.38  -83.98   -250.79  0.00     0.00     0.00     -20.92   -0.00    0.00     -530.56 
145      0.72     10.20    243.32   -416.32  -85.27   -244.45  0.00     0.00     0.00     -17.13   -0.00    0.00     -519.85 
146      0.74     10.07    262.40   -405.06  -84.12   -262.15  0.00     0.00     0.00     -17.46   0.00     0.00     -506.38 
147      0.73     10.12    253.53   -429.94  -86.44   -256.30  0.00     0.00     0.00     -19.03   0.00     0.00     -538.18 
148      0.62     10.36    247.17   -427.08  -79.69   -253.50  0.00     0.00     0.00     -19.54   0.00     0.00     -532.64 
149      0.72     10.36    235.84   -436.60  -76.66   -251.94  0.00     0.00     0.00     -18.41   -0.00    0.00     -547.77 
150      0.57     11.12    261.88   -436.76  -75.34   -254.25  0.00     0.00     0.00     -20.26   0.00     0.00     -524.74 
151      0.70     10.26    261.36   -427.73  -79.31   -259.10  0.00     0.00     0.00     -20.52   0.00     0.00     -525.29 
152      0.69     10.53    239.39   -438.53  -83.62   -254.74  0.00     0.00     0.00     -20.43   -0.00    0.00     -557.93 
153      0.59     10.80    251.46   -430.18  -89.16   -249.49  0.00     0.00     0.00     -17.63   -0.00    0.00     -535.00 
154      0.70     10.67    220.67   -418.54  -83.36   -255.51  0.00     0.00     0.00     -17.67   0.00     0.00     -554.41 
155      0.67     9.85     255.58   -426.48  -83.91   -247.00  0.00     0.00     0.00     -16.83   -0.00    0.00     -518.64 
156      0.60     10.22    229.43   -421.61  -81.28   -250.05  0.00     0.00     0.00     -20.11   -0.00    0.00     -543.62 
157      0.60     10.11    232.34   -428.19  -82.87   -263.99  0.00     0.00     0.00     -21.85   -0.00    0.00     -564.56 
158      0.70     10.15    233.36   -424.96  -87.70   -263.43  0.00     0.00     0.00     -21.10   -0.00    0.00     -563.84 
159      0.63     10.50    229.40   -408.99  -79.64   -251.36  0.00     0.00     0.00     -17.54   0.00     0.00     -528.14 
160      0.61     10.98    228.25   -424.42  -70.88   -262.19  0.00     0.00     0.00     -19.50   0.00     0.00     -548.74 
161      0.74     10.35    251.38   -410.82  -84.52   -253.67  0.00     0.00     0.00     -17.92   0.00     0.00     -515.55 
162      0.77     10.44    224.00   -414.32  -84.78   -256.35  0.00     0.00     0.00     -16.11   0.00     0.00     -547.55 
163      0.84     10.31    246.36   -419.85  -83.49   -260.03  0.00     0.00     0.00     -15.95   0.00     0.00     -532.97 
164      0.75     10.30    246.94   -438.95  -89.25   -258.69  0.00     0.00     0.00     -19.12   -0.00    0.00     -559.07 
165      0.76     10.09    215.61   -429.51  -89.62   -260.85  0.00     0.00     0.00     -20.26   -0.00    0.00     -584.63 
166      0.75     10.47    243.79   -426.71  -86.40   -268.11  0.00     0.00     0.00     -19.52   0.00     0.00     -556.95 
167      0.78     10.38    231.27   -437.88  -84.35   -258.90  0.00     0.00     0.00     -18.88   -0.00    0.00     -568.74 
168      0.79     10.19    218.73   -428.36  -81.05   -260.41  0.00     0.00     0.00     -18.79   0.00     0.00     -569.88 
169      0.75     10.49    239.32   -426.32  -80.79   -261.11  0.00     0.00     0.00     -20.16   0.00     0.00     -549.06 
170      0.76     10.47    199.68   -432.94  -85.83   -252.71  0.00     0.00     0.00     -17.81   0.00     0.00     -589.60 
171      0.54     11.16    256.33   -440.76  -77.95   -250.29  0.00     0.00     0.00     -19.27   0.00     0.00     -531.93 
172      0.66     10.17    231.75   -423.92  -80.39   -258.56  0.00     0.00     0.00     -21.02   -0.00    0.00     -552.15 
173      0.67     10.89    227.98   -439.68  -80.09   -260.68  0.00     0.00     0.00     -19.87   -0.00    0.00     -572.32 
174      0.70     10.68    239.61   -441.00  -88.74   -252.08  0.00     0.00     0.00     -17.51   -0.00    0.00     -559.72 
175      0.75     10.39    237.55   -433.45  -80.23   -258.76  0.00     0.00     0.00     -18.76   0.00     0.00     -553.65 
176      0.72     10.47    237.45   -425.82  -81.49   -261.14  0.00     0.00     0.00     -19.41   0.00     0.00     -550.41 
177      0.64     10.69    227.57   -431.88  -79.44   -251.85  0.00     0.00     0.00     -20.65   0.00     0.00     -556.25 
178      0.71     9.95     239.50   -427.62  -86.71   -252.24  0.00     0.00     0.00     -18.56   -0.00    0.00     -545.65 
179      0.71     10.25    236.97   -429.59  -81.56   -248.08  0.00     0.00     0.00     -21.92   -0.00    0.00     -544.18 
180      0.73     10.47    227.47   -426.84  -82.15   -256.83  0.00     0.00     0.00     -21.00   -0.00    0.00     -559.35 
181      0.77     10.32    228.50   -414.79  -87.97   -264.41  0.00     0.00     0.00     -19.25   0.00     0.00     -557.92 
182      0.80     10.04    227.12   -422.68  -81.45   -262.07  0.00     0.00     0.00     -20.26   -0.00    0.00     -559.35 
183      0.79     10.28    233.84   -427.45  -85.55   -263.09  0.00     0.00     0.00     -19.73   0.00     0.00     -561.98 
184      0.66     10.71    225.16   -424.53  -86.10   -255.71  0.00     0.00     0.00     -17.49   0.00     0.00     -558.67 
185      0.81     10.35    249.98   -435.34  -83.06   -261.49  0.00     0.00     0.00     -19.51   0.00     0.00     -549.42 
186      0.72     10.14    242.98   -426.73  -85.57   -258.06  0.00     0.00     0.00     -21.11   0.00     0.00     -548.49 
187      0.71     10.28    218.14   -433.27  -94.02   -253.65  0.00     0.00     0.00     -18.66   -0.00    0.00     -581.45 
188      0.68     10.79    219.40   -428.58  -78.19   -244.40  0.00     0.00     0.00     -19.94   0.00     0.00     -551.70 
189      0.66     10.64    226.72   -429.88  -87.37   -254.91  0.00     0.00     0.00     -19.40   0.00     0.00     -564.85 
190      0.68     10.21    216.70   -412.92  -82.41   -256.90  0.00     0.00     0.00     -19.80   0.00     0.00     -555.33 
191      0.78     10.37    215.82   -419.80  -85.07   -262.71  0.00     0.00     0.00     -19.11   0.00     0.00     -570.87 
192      0.68     10.57    234.55   -425.18  -86.31   -250.62  0.00     0.00     0.00     -15.28   -0.00    0.00     -542.85 
193      0.65     11.02    219.41   -430.84  -79.05   -263.49  0.00     0.00     0.00     -18.62   0.00     0.00     -572.59 
194      0.62     10.51    214.02   -430.73  -87.08   -246.40  0.00     0.00     0.00     -19.76   -0.00    0.00     -569.96 
195      0.59     10.50    221.27   -421.94  -86.52   -251.16  0.00     0.00     0.00     -20.27   -0.00    0.00     -558.62 
196      0.62     10.43    225.69   -419.50  -84.81   -265.28  0.00     0.00     0.00     -19.19   -0.00    0.00     -563.09 
197      0.55     10.59    206.58   -427.02  -82.97   -262.12  0.00     0.00     0.00     -20.32   -0.00    0.00     -585.84 
198      0.49     10.52    228.29   -428.62  -82.58   -258.61  0.00     0.00     0.00     -21.44   -0.00    0.00     -562.95 
199      0.48     10.95    231.23   -415.87  -80.45   -246.13  0.00     0.00     0.00     -17.49   0.00     0.00     -528.70 
200      0.48     11.56    229.41   -425.75  -80.77   -243.61  0.00     0.00     0.00     -19.86   0.00     0.00     -540.59 
201      0.54     10.99    211.80   -414.50  -76.21   -256.55  0.00     0.00     0.00     -20.27   0.00     0.00     -555.74 
202      0.52     11.80    187.58   -420.77  -79.10   -261.90  0.00     0.00     0.00     -19.10   0.00     0.00     -593.30 
203      0.48     11.45    213.30   -417.50  -78.83   -251.04  0.00     0.00     0.00     -19.26   -0.00    0.00     -553.33 
204      0.49     11.11    189.82   -420.53  -81.15   -248.83  0.00     0.00     0.00     -18.12   -0.00    0.00     -578.81 
205      0.56     10.71    191.63   -429.83  -81.04   -258.55  0.00     0.00     0.00     -18.94   0.00     0.00     -596.73 
206      0.57     10.62    222.72   -420.20  -80.02   -260.99  0.00     0.00     0.00     -20.00   -0.00    0.00     -558.49 
207      0.75     10.20    205.51   -429.80  -81.62   -261.33  0.00     0.00     0.00     -16.55   -0.00    0.00     -583.79 
208      0.61     10.70    229.90   -427.42  -80.21   -263.46  0.00     0.00     0.00     -19.43   -0.00    0.00     -560.63 
209      0.73     10.25    218.29   -424.00  -83.29   -258.89  0.00     0.00     0.00     -19.98   -0.00    0.00     -567.86 
210      0.74     10.60    186.75   -438.89  -86.18   -265.70  0.00     0.00     0.00     -19.12   0.00     0.00     -623.14 
211      0.77     10.40    188.83   -438.89  -90.14   -258.92  0.00     0.00     0.00     -21.98   0.00     0.00     -621.10 
212      0.68     10.46    214.51   -440.28  -85.63   -248.25  0.00     0.00     0.00     -19.68   0.00     0.00     -579.32 
213      0.70     10.38    202.17   -434.34  -85.53   -253.94  0.00     0.00     0.00     -17.63   0.00     0.00     -589.28 
214      0.62     10.10    216.50   -434.00  -85.14   -249.13  0.00     0.00     0.00     -20.59   0.00     0.00     -572.36 
215      0.76     9.89     214.38   -443.77  -83.40   -262.76  0.00     0.00     0.00     -20.63   0.00     0.00     -596.17 
216      0.77     10.20    219.65   -439.99  -86.43   -259.38  0.00     0.00     0.00     -21.18   0.00     0.00     -587.34 
217      0.74     10.23    182.81   -443.31  -90.39   -253.89  0.00     0.00     0.00     -20.67   0.00     0.00     -625.44 
218      0.66     10.23    205.68   -436.70  -87.59   -252.06  0.00     0.00     0.00     -17.28   0.00     0.00     -587.96 
219      0.79     10.10    195.11   -435.56  -79.04   -253.30  0.00     0.00     0.00     -18.12   0.00     0.00     -590.90 
220      0.69     10.78    188.46   -443.61  -80.01   -262.23  0.00     0.00     0.00     -17.44   0.00     0.00     -614.83 
221      0.71     10.52    211.89   -430.75  -88.85   -263.26  0.00     0.00     0.00     -17.75   0.00     0.00     -588.73 
222      0.74     10.28    211.40   -441.42  -82.61   -249.41  0.00     0.00     0.00     -18.67   0.00     0.00     -580.70 
223      0.74     10.31    187.64   -439.21  -86.04   -255.85  0.00     0.00     0.00     -18.39   0.00     0.00     -611.85 
224      0.63     10.36    182.15   -437.09  -85.34   -254.56  0.00     0.00     0.00     -19.60   0.00     0.00     -614.45 
225      0.64     10.37    214.85   -446.28  -82.37   -255.59  0.00     0.00     0.00     -19.75   -0.00    0.00     -589.14 
226      0.65     10.20    199.04   -445.91  -86.20   -254.68  0.00     0.00     0.00     -20.01   0.00     0.00     -607.76 
227      0.64     10.39    203.59   -438.01  -79.45   -252.53  0.00     0.00     0.00     -17.69   -0.00    0.00     -584.08 
228      0.68     10.44    206.51   -445.54  -76.30   -254.92  0.00     0.00     0.00     -21.39   0.00     0.00     -591.66 
229      0.67     10.40    196.63   -444.00  -89.22   -255.80  0.00     0.00     0.00     -18.77   0.00     0.00     -611.16 
230      0.69     10.34    211.87   -435.92  -85.22   -257.06  0.00     0.00     0.00     -19.16   0.00     0.00     -585.48 
231      0.72     10.15    200.96   -438.00  -84.90   -250.87  0.00     0.00     0.00     -16.79   0.00     0.00     -589.61 
232      0.67     10.48    211.02   -443.97  -88.23   -255.99  0.00     0.00     0.00     -21.26   -0.00    0.00     -598.42 
233      0.69     10.41    200.56   -435.08  -82.93   -264.81  0.00     0.00     0.00     -20.61   -0.00    0.00     -602.87 
234      0.72     10.21    200.26   -428.05  -90.59   -247.99  0.00     0.00     0.00     -19.60   -0.00    0.00     -585.97 
235      0.79     10.21    188.11   -430.44  -86.69   -264.63  0.00     0.00     0.00     -16.79   0.00     0.00     -610.43 
236      0.77     10.23    187.61   -439.44  -87.88   -259.75  0.00     0.00     0.00     -21.99   0.00     0.00     -621.46 
237      0.73     10.03    185.79   -439.83  -81.31   -258.59  0.00     0.00     0.00     -18.00   0.00     0.00     -611.94 
238      0.77     10.10    180.10   -432.04  -86.54   -268.11  0.00     0.00     0.00     -20.54   0.00     0.00     -627.13 
239      0.77     10.20    175.50   -444.18  -90.29   -265.92  0.00     0.00     0.00     -21.66   -0.00    0.00     -646.55 
240      0.77     10.37    184.14   -431.76  -85.86   -261.34  0.00     0.00     0.00     -19.98   0.00     0.00     -614.81 
241      0.76     10.53    190.36   -434.71  -83.85   -264.19  0.00     0.00     0.00     -21.05   0.00     0.00     -613.44 
242      0.81     10.21    159.66   -431.21  -83.50   -267.85  0.00     0.00     0.00     -21.60   0.00     0.00     -644.51 
243      0.78     10.45    178.07   -438.12  -84.27   -262.62  0.00     0.00     0.00     -18.27   0.00     0.00     -625.21 
244      0.81     10.39    172.73   -431.84  -84.38   -270.16  0.00     0.00     0.00     -21.88   -0.00    0.00     -635.52 
245      0.79     10.25    179.93   -426.50  -80.62   -267.31  0.00     0.00     0.00     -20.60   -0.00    0.00     -615.10 
246      0.71     10.07    167.94   -433.18  -84.94   -262.06  0.00     0.00     0.00     -17.90   -0.00    0.00     -630.15 
247      0.61     10.64    161.53   -446.48  -77.66   -256.08  0.00     0.00     0.00     -19.31   0.00     0.00     -637.99 
248      0.71     10.38    186.31   -437.71  -89.86   -261.03  0.00     0.00     0.00     -20.72   0.00     0.00     -623.01 
249      0.69     10.50    189.16   -439.48  -86.39   -257.01  0.00     0.00     0.00     -19.57   -0.00    0.00     -613.29 
250      0.76     10.29    181.75   -439.71  -84.74   -263.61  0.00     0.00     0.00     -21.91   0.00     0.00     -628.22 
251      0.69     10.34    196.20   -434.32  -91.66   -250.48  0.00     0.00     0.00     -20.01   0.00     0.00     -600.27 
252      0.71     10.42    190.02   -428.74  -84.75   -263.36  0.00     0.00     0.00     -20.13   -0.00    0.00     -606.96 
253      0.57     10.62    177.89   -428.65  -82.28   -259.06  0.00     0.00     0.00     -18.68   -0.00    0.00     -610.78 
254      0.61     10.65    177.90   -439.38  -85.81   -258.03  0.00     0.00     0.00     -21.48   -0.00    0.00     -626.79 
255      0.65     10.57    184.39   -429.85  -83.95   -257.59  0.00     0.00     0.00     -16.49   -0.00    0.00     -603.49 
256      0.63     10.52    173.39   -433.05  -84.24   -272.29  0.00     0.00     0.00     -20.53   -0.00    0.00     -636.72 
257      0.63     10.29    186.29   -432.36  -83.99   -261.50  0.00     0.00     0.00     -20.39   -0.00    0.00     -611.96 
258      0.57     10.75    154.63   -440.05  -82.38   -263.06  0.00     0.00     0.00     -19.63   -0.00    0.00     -650.49 
259      0.61     10.93    180.65   -430.25  -81.30   -263.65  0.00     0.00     0.00     -20.78   0.00     0.00     -615.33 
260      0.56     10.79    176.86   -439.31  -82.49   -253.70  0.00     0.00     0.00     -17.47   0.00     0.00     -616.11 
261      0.54     11.09    187.97   -430.65  -81.61   -260.64  0.00     0.00     0.00     -19.27   -0.00    0.00     -604.20 
262      0.57     10.49    174.86   -439.35  -82.93   -254.90  0.00     0.00     0.00     -18.45   -0.00    0.00     -620.78 
263      0.62     10.73    166.90   -432.37  -83.03   -265.89  0.00     0.00     0.00     -21.23   -0.00    0.00     -635.63 
264      0.66     10.44    183.57   -431.63  -82.94   -267.82  0.00     0.00     0.00     -19.72   0.00     0.00     -618.54 
265      0.65     10.15    175.05   -434.60  -85.08   -266.67  0.00     0.00     0.00     -21.14   -0.00    0.00     -632.44 
266      0.58     10.47    171.27   -431.40  -87.25   -259.60  0.00     0.00     0.00     -20.32   -0.00    0.00     -627.29 
267      0.67     9.98     159.35   -438.61  -92.06   -269.55  0.00     0.00     0.00     -20.47   -0.00    0.00     -661.33 
268      0.65     10.11    184.94   -438.16  -85.79   -268.01  0.00     0.00     0.00     -21.60   -0.00    0.00     -628.60 
269      0.64     10.10    190.13   -432.59  -85.69   -268.52  0.00     0.00     0.00     -20.37   -0.00    0.00     -617.03 
270      0.71     9.98     165.88   -432.80  -90.62   -266.94  0.00     0.00     0.00     -21.43   -0.00    0.00     -645.90 
271      0.71     10.19    167.13   -437.83  -86.76   -271.05  0.00     0.00     0.00     -22.41   -0.00    0.00     -650.92 
272      0.65     10.05    151.58   -448.40  -95.21   -262.96  0.00     0.00     0.00     -22.09   -0.00    0.00     -677.08 
273      0.74     9.95     172.46   -436.80  -86.26   -272.65  0.00     0.00     0.00     -20.61   -0.00    0.00     -643.86 
274      0.71     10.11    162.78   -436.49  -82.54   -270.62  0.00     0.00     0.00     -20.04   -0.00    0.00     -646.90 
275      0.65     10.05    172.47   -443.74  -98.35   -257.16  0.00     0.00     0.00     -19.07   -0.00    0.00     -645.86 
276      0.61     10.03    170.14   -434.95  -98.59   -258.54  0.00     0.00     0.00     -19.99   -0.00    0.00     -641.93 
277      0.63     10.09    164.51   -441.78  -98.48   -260.64  0.00     0.00     0.00     -19.12   -0.00    0.00     -655.51 
278      0.64     10.28    161.97   -427.55  -86.64   -265.30  0.00     0.00     0.00     -21.65   -0.00    0.00     -639.17 
279      0.64     10.16    164.09   -432.15  -86.75   -259.48  0.00     0.00     0.00     -19.87   -0.00    0.00     -634.16 
280      0.70     10.30    160.94   -439.76  -84.77   -264.86  0.00     0.00     0.00     -21.77   -0.00    0.00     -650.22 
281      0.71     10.11    155.92   -434.32  -89.63   -270.76  0.00     0.00     0.00     -19.78   -0.00    0.00     -658.58 
282      0.67     10.18    152.99   -436.07  -86.05   -271.03  0.00     0.00     0.00     -22.23   -0.00    0.00     -662.38 
283      0.71     10.10    167.00   -434.08  -87.51   -268.09  0.00     0.00     0.00     -22.38   -0.00    0.00     -645.07 
284      0.75     10.41    146.07   -448.09  -85.40   -266.31  0.00     0.00     0.00     -20.69   0.00     0.00     -674.41 
285      0.81     10.35    154.03   -439.57  -85.23   -270.08  0.00     0.00     0.00     -22.32   0.00     0.00     -663.17 
286      0.83     10.20    172.36   -444.20  -85.84   -266.54  0.00     0.00     0.00     -20.58   0.00     0.00     -644.80 
287      0.73     10.22    173.81   -440.80  -89.09   -266.39  0.00     0.00     0.00     -22.36   0.00     0.00     -644.83 
288      0.73     9.96     168.39   -451.32  -91.22   -256.09  0.00     0.00     0.00     -20.06   0.00     0.00     -650.29 
289      0.77     10.34    166.93   -432.43  -84.65   -266.76  0.00     0.00     0.00     -20.94   0.00     0.00     -637.85 
290      0.73     10.21    144.77   -451.08  -94.22   -256.33  0.00     0.00     0.00     -19.82   0.00     0.00     -676.67 
291      0.74     10.15    173.56   -450.30  -94.67   -259.81  0.00     0.00     0.00     -22.98   0.00     0.00     -654.22 
292      0.79     10.25    157.92   -444.02  -91.93   -262.61  0.00     0.00     0.00     -20.74   0.00     0.00     -661.38 
293      0.79     10.13    161.64   -445.57  -90.11   -264.80  0.00     0.00     0.00     -19.07   0.00     0.00     -657.92 
294      0.77     10.07    157.39   -436.65  -94.75   -262.42  0.00     0.00     0.00     -19.76   0.00     0.00     -656.18 
295      0.78     9.97     143.77   -441.86  -90.82   -260.75  0.00     0.00     0.00     -23.04   0.00     0.00     -672.69 
296      0.79     10.14    151.11   -437.44  -91.81   -270.05  0.00     0.00     0.00     -20.68   -0.00    0.00     -668.88 
297      0.72     10.30    157.55   -437.87  -83.88   -264.47  0.00     0.00     0.00     -21.51   -0.00    0.00     -650.19 
298      0.71     10.33    153.17   -446.51  -86.11   -259.95  0.00     0.00     0.00     -19.91   -0.00    0.00     -659.32 
299      0.63     10.89    144.56   -441.59  -83.81   -266.61  0.00     0.00     0.00     -20.84   0.00     0.00     -668.28 
300      0.82     10.31    136.59   -444.93  -87.06   -268.00  0.00     0.00     0.00     -20.96   -0.00    0.00     -684.36 
301      0.77     10.31    163.82   -443.33  -84.57   -265.82  0.00     0.00     0.00     -19.71   0.00     0.00     -649.61 
302      0.80     10.09    153.21   -440.61  -89.65   -274.37  0.00     0.00     0.00     -22.12   -0.00    0.00     -673.53 
303      0.71     10.49    133.90   -441.41  -84.52   -270.72  0.00     0.00     0.00     -21.66   0.00     0.00     -684.41 
304      0.80     10.06    164.20   -444.87  -87.53   -269.39  0.00     0.00     0.00     -21.04   0.00     0.00     -658.63 
305      0.79     10.16    130.91   -442.68  -90.33   -270.56  0.00     0.00     0.00     -22.03   -0.00    0.00     -694.70 
306      0.79     10.33    149.83   -435.82  -83.91   -269.24  0.00     0.00     0.00     -21.81   0.00     0.00     -660.96 
307      0.75     10.06    138.75   -443.20  -86.36   -268.32  0.00     0.00     0.00     -20.69   0.00     0.00     -679.82 
308      0.73     10.34    130.82   -446.55  -89.56   -272.14  0.00     0.00     0.00     -20.82   -0.00    0.00     -698.25 
309      0.71     10.37    157.27   -447.65  -90.45   -264.64  0.00     0.00     0.00     -20.10   0.00     0.00     -665.57 
310      0.75     10.28    161.14   -440.78  -88.95   -268.82  0.00     0.00     0.00     -23.16   -0.00    0.00     -660.57 
311      0.84     10.20    140.08   -437.24  -90.94   -269.61  0.00     0.00     0.00     -20.98   -0.00    0.00     -678.68 
312      0.78     10.30    154.11   -445.45  -89.83   -269.07  0.00     0.00     0.00     -18.93   -0.00    0.00     -669.17 
313      0.82     10.15    148.16   -444.17  -88.03   -270.53  0.00     0.00     0.00     -19.75   -0.00    0.00     -674.32 
314      0.74     10.32    153.96   -448.41  -86.92   -269.61  0.00     0.00     0.00     -18.80   0.00     0.00     -669.78 
315      0.73     10.34    150.08   -448.24  -88.46   -268.08  0.00     0.00     0.00     -21.99   0.00     0.00     -676.69 
316      0.84     10.20    141.70   -445.21  -86.83   -267.95  0.00     0.00     0.00     -20.53   -0.00    0.00     -678.82 
317      0.70     10.47    146.17   -445.80  -84.87   -265.86  0.00     0.00     0.00     -21.90   0.00     0.00     -672.26 
318      0.78     10.40    102.60   -440.92  -91.16   -266.84  0.00     0.00     0.00     -21.01   -0.00    0.00     -717.33 
319      0.81     10.36    140.29   -443.82  -89.24   -271.71  0.00     0.00     0.00     -22.11   0.00     0.00     -686.59 
320      0.74     10.69    136.41   -452.46  -89.69   -268.15  0.00     0.00     0.00     -21.39   -0.00    0.00     -695.28 
321      0.76     10.27    126.19   -449.92  -86.61   -269.56  0.00     0.00     0.00     -22.32   0.00     0.00     -702.21 
322      0.74     10.11    147.90   -445.38  -92.92   -267.30  0.00     0.00     0.00     -20.51   0.00     0.00     -678.22 
323      0.73     10.19    138.57   -440.64  -92.27   -265.22  0.00     0.00     0.00     -21.79   0.00     0.00     -681.35 
324      0.78     10.03    133.40   -449.29  -89.86   -268.84  0.00     0.00     0.00     -21.88   0.00     0.00     -696.46 
325      0.69     10.11    153.63   -444.39  -99.81   -264.42  0.00     0.00     0.00     -20.82   0.00     0.00     -675.81 
326      0.68     10.07    134.02   -449.18  -87.53   -264.89  0.00     0.00     0.00     -21.26   0.00     0.00     -688.84 
327      0.74     10.29    131.76   -446.53  -88.73   -267.37  0.00     0.00     0.00     -21.64   0.00     0.00     -692.51 
328      0.74     9.91     126.33   -440.10  -92.40   -261.19  0.00     0.00     0.00     -18.95   -0.00    0.00     -686.31 
329      0.79     10.03    126.37   -443.93  -86.73   -265.31  0.00     0.00     0.00     -20.62   0.00     0.00     -690.22 
330      0.72     10.02    132.75   -446.61  -92.76   -267.93  0.00     0.00     0.00     -21.01   0.00     0.00     -695.55 
331      0.74     9.97     135.32   -440.46  -89.82   -271.07  0.00     0.00     0.00     -22.83   0.00     0.00     -688.85 
332      0.71     10.48    129.03   -450.75  -86.57   -269.52  0.00     0.00     0.00     -21.50   0.00     0.00     -699.31 
333      0.73     10.33    124.79   -446.23  -90.62   -270.51  0.00     0.00     0.00     -22.22   -0.00    0.00     -704.79 
334      0.76     10.11    115.88   -452.96  -90.40   -264.55  0.00     0.00     0.00     -19.45   -0.00    0.00     -711.48 
335      0.80     10.27    133.65   -451.74  -87.83   -270.42  0.00     0.00     0.00     -22.00   0.00     0.00     -698.34 
336      0.73     10.50    126.78   -442.57  -92.80   -267.78  0.00     0.00     0.00     -20.48   0.00     0.00     -696.85 
337      0.78     10.28    138.92   -448.31  -87.13   -272.82  0.00     0.00     0.00     -21.79   -0.00    0.00     -691.13 
338      0.74     10.08    134.16   -452.18  -87.54   -266.73  0.00     0.00     0.00     -20.69   0.00     0.00     -692.97 
339      0.81     9.99     130.13   -448.95  -85.04   -272.20  0.00     0.00     0.00     -22.25   0.00     0.00     -698.32 
340      0.74     10.39    133.08   -449.09  -91.58   -269.11  0.00     0.00     0.00     -21.96   -0.00    0.00     -698.67 
341      0.77     10.38    132.08   -444.75  -87.48   -270.55  0.00     0.00     0.00     -21.68   0.00     0.00     -692.37 
342      0.79     10.29    125.76   -444.83  -95.38   -267.15  0.00     0.00     0.00     -21.26   -0.00    0.00     -702.87 
343      0.76     10.15    128.01   -443.40  -91.72   -273.67  0.00     0.00     0.00     -23.29   -0.00    0.00     -704.07 
344      0.79     10.37    117.56   -447.96  -92.14   -272.96  0.00     0.00     0.00     -23.00   -0.00    0.00     -718.50 
345      0.77     10.04    116.97   -448.98  -96.61   -270.64  0.00     0.00     0.00     -21.66   0.00     0.00     -720.92 
346      0.79     9.94     124.59   -445.48  -90.90   -269.82  0.00     0.00     0.00     -23.53   -0.00    0.00     -705.13 
347      0.74     10.20    124.64   -448.42  -88.47   -265.01  0.00     0.00     0.00     -20.83   0.00     0.00     -698.10 
348      0.77     10.26    109.97   -450.72  -93.05   -269.48  0.00     0.00     0.00     -21.11   0.00     0.00     -724.39 
349      0.73     10.16    115.02   -449.93  -91.33   -269.94  0.00     0.00     0.00     -22.85   -0.00    0.00     -719.04 
350      0.74     10.39    130.87   -448.75  -91.37   -270.91  0.00     0.00     0.00     -23.31   -0.00    0.00     -703.47 
351      0.79     10.25    141.67   -454.71  -89.06   -270.87  0.00     0.00     0.00     -21.53   0.00     0.00     -694.50 
352      0.82     10.05    133.71   -452.76  -88.25   -272.30  0.00     0.00     0.00     -21.50   0.00     0.00     -701.10 
353      0.83     10.16    108.28   -449.31  -94.06   -271.92  0.00     0.00     0.00     -20.46   -0.00    0.00     -727.47 
354      0.77     10.26    111.92   -453.96  -89.16   -271.33  0.00     0.00     0.00     -20.41   -0.00    0.00     -722.94 
355      0.73     10.39    119.62   -448.00  -88.98   -275.13  0.00     0.00     0.00     -23.00   -0.00    0.00     -715.50 
356      0.80     10.26    116.42   -452.07  -92.69   -274.31  0.00     0.00     0.00     -22.13   -0.00    0.00     -724.78 
357      0.81     10.13    112.70   -450.06  -90.47   -272.83  0.00     0.00     0.00     -22.43   -0.00    0.00     -723.09 
358      0.79     10.31    112.95   -457.04  -89.83   -268.34  0.00     0.00     0.00     -21.54   0.00     0.00     -723.80 
359      0.70     10.40    117.14   -452.56  -86.75   -262.24  0.00     0.00     0.00     -23.43   -0.00    0.00     -707.84 
360      0.78     10.19    119.55   -453.85  -92.77   -265.04  0.00     0.00     0.00     -21.82   -0.00    0.00     -713.93 
361      0.69     10.46    101.10   -459.34  -91.23   -269.23  0.00     0.00     0.00     -22.30   -0.00    0.00     -741.01 
362      0.73     10.38    120.63   -453.74  -94.59   -265.13  0.00     0.00     0.00     -21.93   -0.00    0.00     -714.76 
363      0.74     10.32    115.40   -456.77  -97.91   -264.47  0.00     0.00     0.00     -19.95   -0.00    0.00     -723.70 
364      0.72     10.33    114.82   -462.79  -94.53   -265.01  0.00     0.00     0.00     -21.63   0.00     0.00     -729.14 
365      0.71     10.46    114.17   -456.76  -96.92   -261.39  0.00     0.00     0.00     -23.19   -0.00    0.00     -724.09 
366      0.73     10.27    110.31   -453.38  -92.12   -259.78  0.00     0.00     0.00     -22.68   -0.00    0.00     -717.65 
367      0.71     10.33    108.33   -451.40  -91.20   -266.57  0.00     0.00     0.00     -21.38   -0.00    0.00     -722.21 
368      0.72     10.39    96.45    -457.03  -85.54   -263.17  0.00     0.00     0.00     -20.83   -0.00    0.00     -730.12 
369      0.78     10.06    108.67   -452.47  -92.06   -264.02  0.00     0.00     0.00     -20.61   -0.00    0.00     -720.49 
370      0.73     10.49    110.80   -446.19  -91.02   -273.63  0.00     0.00     0.00     -21.84   -0.00    0.00     -721.88 
371      0.74     10.32    105.47   -453.72  -92.04   -269.19  0.00     0.00     0.00     -21.53   -0.00    0.00     -731.00 
372      0.79     10.18    107.39   -448.11  -88.43   -270.21  0.00     0.00     0.00     -21.86   -0.00    0.00     -721.22 
373      0.76     10.15    101.01   -450.90  -88.19   -273.97  0.00     0.00     0.00     -22.00   -0.00    0.00     -734.05 
374      0.76     10.33    100.78   -448.11  -90.78   -274.66  0.00     0.00     0.00     -22.28   -0.00    0.00     -735.04 
375      0.76     10.18    103.40   -444.96  -91.59   -274.75  0.00     0.00     0.00     -23.17   -0.00    0.00     -731.06 
376      0.78     10.30    110.00   -451.93  -91.97   -271.40  0.00     0.00     0.00     -21.88   -0.00    0.00     -727.19 
377      0.75     10.43    101.42   -451.80  -92.94   -270.34  0.00     0.00     0.00     -21.69   0.00     0.00     -735.35 
378      0.76     10.28    108.73   -452.37  -90.28   -270.54  0.00     0.00     0.00     -22.14   0.00     0.00     -726.61 
379      0.81     9.99     100.98   -451.75  -96.28   -271.63  0.00     0.00     0.00     -22.42   0.00     0.00     -741.10 
380      0.80     9.98     108.77   -449.66  -91.82   -273.98  0.00     0.00     0.00     -22.61   0.00     0.00     -729.30 
381      0.75     10.06    99.97    -451.96  -95.70   -271.26  0.00     0.00     0.00     -22.87   0.00     0.00     -741.83 
382      0.82     10.03    80.78    -448.51  -89.87   -273.22  0.00     0.00     0.00     -22.88   0.00     0.00     -753.70 
383      0.73     10.57    100.62   -451.35  -88.64   -272.73  0.00     0.00     0.00     -22.46   0.00     0.00     -734.57 
384      0.77     10.22    90.02    -457.85  -94.05   -268.03  0.00     0.00     0.00     -20.72   0.00     0.00     -750.63 
385      0.79     10.07    106.45   -449.82  -97.12   -269.90  0.00     0.00     0.00     -22.62   0.00     0.00     -733.00 
386      0.75     10.16    101.47   -452.37  -90.50   -274.14  0.00     0.00     0.00     -23.03   -0.00    0.00     -738.56 
387      0.80     10.12    104.44   -448.66  -88.82   -272.36  0.00     0.00     0.00     -23.09   0.00     0.00     -728.49 
388      0.77     10.04    91.50    -448.65  -92.84   -272.86  0.00     0.00     0.00     -22.85   0.00     0.00     -745.70 
389      0.76     10.09    98.01    -448.68  -97.22   -273.01  0.00     0.00     0.00     -22.00   -0.00    0.00     -742.89 
390      0.72     9.99     83.36    -460.50  -94.93   -265.48  0.00     0.00     0.00     -20.06   0.00     0.00     -757.61 
391      0.83     9.94     92.92    -459.40  -95.79   -263.86  0.00     0.00     0.00     -21.43   -0.00    0.00     -747.55 
392      0.77     10.03    89.48    -457.41  -99.57   -268.44  0.00     0.00     0.00     -22.05   0.00     0.00     -757.99 
393      0.72     10.11    95.92    -453.95  -96.16   -268.34  0.00     0.00     0.00     -22.87   -0.00    0.00     -745.38 
394      0.71     9.90     93.08    -460.05  -103.22  -259.06  0.00     0.00     0.00     -21.60   -0.00    0.00     -750.86 
395      0.73     9.99     87.83    -456.15  -97.31   -267.77  0.00     0.00     0.00     -23.02   0.00     0.00     -756.41 
396      0.76     9.86     89.67    -459.35  -100.10  -267.08  0.00     0.00     0.00     -22.39   0.00     0.00     -759.25 
397      0.79     10.04    89.52    -457.36  -92.42   -269.77  0.00     0.00     0.00     -22.41   0.00     0.00     -752.45 
398      0.77     10.14    102.26   -461.08  -94.78   -269.53  0.00     0.00     0.00     -22.51   -0.00    0.00     -745.64 
399      0.72     10.10    95.86    -456.63  -94.62   -268.64  0.00     0.00     0.00     -21.89   -0.00    0.00     -745.93 
400      0.76     9.96     92.09    -464.70  -97.29   -266.99  0.00     0.00     0.00     -20.98   0.00     0.00     -757.86 
401      0.76     9.98     96.45    -457.96  -91.71   -269.00  0.00     0.00     0.00     -22.06   -0.00    0.00     -744.28 
